7888888888888978888888888889
6555555555555665555555555556
6578895788895665788895788956
606--656---656656---656--606
6518835188835135188835188356
6555555555555555555555555556
6578895795788888895795788956
6518835665188978835665188356
6555555665555665555665555556
188889561889 66 788365788883
-----6567883 13 1889656-----
-----6566          6656-----
-----6566 78822889 6656-----
888883513 6      6 135188888
      5   6      6   5      
888889579 6      6 795788888
-----6566 18888883 6656-----
-----6566          6656-----
-----6566 78888889 6656-----
788883513 18897883 135188889
6555555555555665555555555556
6578895788895665788895788956
6518965188835135188835678356
6055665555555  5555555665506
1895665795788888895795665783
7835135665188978835665135189
6555555665555665555665555556
6578888318895665788318888956
6518888888835135188888888356
6555555555555555555555555556
1888888888888888888888888883
